../../.git/annex/objects/mj/Jf/MD5E-s245917--4737cd9421f4e55456b19c2cd537b904.tsv/MD5E-s245917--4737cd9421f4e55456b19c2cd537b904.tsv